obj_wall_vert,0,0,0000AEEF,0,1,1,4294967295,0,0
obj_wall_vert,624,0,001F91E8,0,1,1,4294967295,0,0
obj_wall_hor,0,0,000C2C54,0,1,1,4294967295,0,0
obj_wall_hor,1,466,001E8830,0,1,1,4294967295,0,0
ship_Player,288,192,002D3523,0,1,1,4294967295,0,0
obj_easy,544,256,003E1BAB,0,1,1,4294967295,0,0
obj_easy,448,320,00209269,0,1,1,4294967295,0,0
obj_easy,192,384,000528A6,0,1,1,4294967295,0,0
obj_easy,64,192,0027A322,0,1,1,4294967295,0,0
obj_easy,160,64,001D9BF5,0,1,1,4294967295,0,0
obj_easy,512,64,00359E1B,0,1,1,4294967295,0,0
