obj_wall_vert,0,0,0000AEEF,0,1,1,4294967295,0,0
obj_wall_vert,624,0,001F91E8,0,1,1,4294967295,0,0
obj_wall_hor,0,0,000C2C54,0,1,1,4294967295,0,0
obj_wall_hor,1,466,001E8830,0,1,1,4294967295,0,0
ship_Player,288,192,002D3523,0,1,1,4294967295,0,0
obj_Intense,64,64,002D73D7,0,1,1,4294967295,0,0
obj_Intense,96,288,00061ADB,0,1,1,4294967295,0,0
obj_Intense,480,384,000A2527,0,1,1,4294967295,0,0
obj_Intense,544,128,0031A6AC,0,1,1,4294967295,0,0
obj_Intense,256,384,0000B9EF,0,1,1,4294967295,0,0
obj_Intense,416,64,00270258,0,1,1,4294967295,0,0
