object18,0,0,0000AEEF,0,1,1,4294967295,0,0
object18,624,0,001F91E8,0,1,1,4294967295,0,0
object17,0,0,000C2C54,0,1,1,4294967295,0,0
object17,1,466,001E8830,0,1,1,4294967295,0,0
ship_Player,288,192,002D3523,0,1,1,4294967295,0,0
spr_Hard,64,96,001C23AC,0,1,1,4294967295,0,0
spr_Hard,32,256,0014B9B0,0,1,1,4294967295,0,0
spr_Hard,352,352,00188C02,0,1,1,4294967295,0,0
spr_Hard,512,224,002A3B29,0,1,1,4294967295,0,0
spr_Hard,544,64,000A1E38,0,1,1,4294967295,0,0
spr_Hard,512,64,002DC0F2,0,1,1,4294967295,0,0
spr_Hard,160,384,0008AD94,0,1,1,4294967295,0,0
